MDL16CS001		7	7	6	9	9	10	6	10	10
MDL16CS002		7	6	6	9	9	7	7	9	10
MDL16CS003		0	0	5	10	9	6	8	6	8
MDL16CS004		5	0	5	8	9	7	8	9	10
MDL16CS005		4	0	0	8	9	5	6	6	8
MDL16CS006		7	6	7	8	9	8	7	7	10
MDL16CS007		8	7	7	9	9	10	9	10	10
MDL16CS008		5	0	5	10	9	5	7	6	9
MDL16CS009		7	6	6	10	9	7	8	7	10
MDL16CS010		6	6	6	10	10	7	8	8	9
MDL16CS011		4	6	5	10	10	5	6	7	8
MDL16CS012		7	8	6	10	10	7	10	6	9
MDL16CS013		7	6	7	10	9	10	7	8	10
MDL16CS014		0	0	0	10	10	0	9	0	10
MDL16CS015		9	6	6	9	7	10	7	10	10
MDL16CS016		7	7	8	10	10	9	7	10	10
MDL16CS017		6	0	6	10	9	7	8	10	10
MDL16CS018		6	6	6	10	9	6	6	7	9
MDL16CS019		6	5	5	8	8	7	6	6	9
MDL16CS020		7	7	7	9	10	10	9	10	10
MDL16CS021		7	7	7	10	10	10	10	10	10
MDL16CS022		5	5	6	8	9	7	7	9	9
MDL16CS023		10	9	8	10	10	10	9	10	10
MDL16CS024		6	0	7	9	9	6	8	7	7
MDL16CS025		8	0	7	10	10	9	10	6	9
MDL16CS026		7	6	6	10	8	5	8	7	10
MDL16CS027		6	6	5	9	9	6	8	8	9
MDL16CS028		9	9	8	10	10	10	10	10	10
MDL16CS029		9	7	9	10	10	9	9	10	10
MDL16CS030		6	5	6	10	9	7	8	10	9
MDL16CS031		4	0	5	8	8	7	6	6	10
MDL16CS032		7	7	7	9	7	9	9	8	9
MDL16CS033		0	0	0	10	8	0	8	5	10
MDL16CS034		6	10	5	10	9	10	7	10	10
MDL16CS035		6	6	5	10	10	7	7	7	9
MDL16CS036		7	6	6	10	10	9	8	9	10
MDL16CS037		9	7	8	10	10	6	9	10	9
MDL16CS038		8	6	8	10	9	9	8	9	10
MDL16CS039		7	6	7	9	8	8	8	10	8
MDL16CS040		6	6	6	10	9	9	9	10	10
MDL16CS041		5	6	6	8	8	6	8	7	9
MDL16CS042		7	7	7	10	10	10	10	10	9
MDL16CS043		7	6	8	10	10	10	7	10	10
MDL16CS044		9	7	9	10	10	10	10	10	9
MDL16CS045		5	5	6	10	8	6	9	9	8
MDL16CS046		8	7	7	10	9	9	9	9	9
MDL16CS047		8	6	8	10	10	8	10	10	9
MDL16CS048		7	6	7	10	7	9	8	8	10
MDL16CS049		4	0	0	8	7	0	8	0	6
MDL16CS050		10	7	8	10	9	10	10	10	10
MDL16CS051		5	0	6	10	7	5	7	0	8
MDL16CS052		7	6	7	10	9	9	10	10	9
MDL16CS053		6	5	5	10	8	7	6	8	8
MDL16CS054		6	6	7	9	7	5	9	7	9
MDL16CS055		8	7	9	10	8	10	9	10	8
MDL16CS056		10	9	9	10	10	10	9	10	10
MDL16CS057		6	6	6	10	7	6	8	7	8
MDL16CS058		7	6	7	9	7	7	9	6	9
MDL16CS059		7	8	8	10	9	9	10	9	8
MDL16CS060		7	6	7	9	7	8	7	8	10
MDL16CS061		6	0	5	8	7	0	6	0	6
MDL16CS062		7	7	8	10	9	8	7	10	8
MDL16CS063		7	7	5	9	9	8	7	7	10
MDL16CS064		7	5	7	10	7	7	8	10	8
MDL16CS065		7	7	7	10	8	8	7	8	10
MDL16CS066		6	6	6	10	9	8	7	9	8
MDL16CS067		7	5	6	10	8	8	8	7	9
MDL16CS068		6	6	5	10	8	9	6	8	8
MDL16CS069		7	8	6	10	8	10	8	7	9
MDL16CS070		7	5	5	10	7	9	8	9	7
MDL16CS071		8	8	8	10	10	10	8	9	10
MDL16CS072		8	6	6	10	10	8	7	6	8
MDL16CS073		8	7	9	10	9	10	8	10	10
MDL16CS074		8	8	9	10	9	10	7	10	9
MDL16CS075		6	6	6	10	7	5	8	7	8
MDL16CS076		6	0	6	10	10	0	9	7	8
MDL16CS077		7	6	6	8	8	7	7	7	9
MDL16CS078		8	7	7	10	9	9	7	10	10
MDL16CS079		7	8	7	10	9	10	8	10	10
MDL16CS080		5	5	5	10	7	5	7	5	7
MDL16CS081		7	5	7	10	10	7	7	10	9
MDL16CS082		6	5	6	10	9	9	9	8	10
MDL16CS083		6	6	5	9	9	5	8	9	10
MDL16CS084		7	6	6	10	10	7	9	8	8
MDL16CS085		6	0	0	10	9	5	8	8	8
MDL16CS086		7	6	7	9	9	10	9	8	10
MDL16CS087		9	8	7	10	10	10	8	10	8
MDL16CS088		7	6	7	10	9	10	7	10	10
MDL16CS089		9	6	8	10	10	9	9	10	10
MDL16CS090		6	0	5	10	8	9	8	8	10
MDL16CS091		7	6	7	10	8	10	8	8	10
MDL16CS092		9	6	6	10	10	7	7	8	8
MDL16CS093		10	6	8	10	8	10	9	10	10
MDL16CS094		6	6	7	10	8	10	8	6	10
MDL16CS095		10	6	5	10	8	10	7	10	10
MDL16CS096		7	6	7	10	10	10	8	10	9
MDL16CS097		9	6	7	10	10	10	9	7	8
MDL16CS098		0	0	0	9	7	5	7	0	5
MDL16CS099		9	6	7	10	9	8	8	9	10
MDL16CS100		9	7	6	10	10	9	9	10	9
MDL16CS101		6	6	7	10	8	10	7	9	10
MDL16CS102		7	5	6	10	10	6	9	10	8
MDL16CS103		8	6	7	10	8	9	7	10	10
MDL16CS104		6	6	5	8	7	8	7	7	10
MDL16CS105		9	7	7	10	9	7	8	7	10
MDL16CS106		7	6	7	10	10	7	9	9	8
MDL16CS107		9	7	7	9	8	8	7	9	10
MDL16CS108		8	8	7	10	10	10	7	8	9
MDL16CS109		8	8	10	10	10	10	8	10	9
MDL16CS110		10	7	10	10	10	10	7	10	9
MDL16CS111		7	6	8	10	8	9	9	10	10
MDL16CS112		9	6	7	10	9	9	8	7	8
MDL16CS113		6	6	0	10	10	7	7	8	8
MDL16CS114		7	6	7	10	9	7	7	8	10
MDL16CS115		8	6	6	10	8	8	8	7	10
MDL16CS116		6	6	5	9	7	7	7	9	9
MDL16CS117		8	6	7	10	10	10	8	8	8
MDL16CS118		9	6	6	10	10	8	7	8	9
MDL16CS119		7	6	7	10	10	10	8	9	8
MDL16CS120		7	7	6	9	7	7	6	9	9
MDL16CS121		4	0	0	9	7	0	8	5	7
MDL16CS122		7	6	8	10	10	7	8	8	8
MDL16CS123		9	7	7	9	8	8	9	8	10TCE16CS006PH1000	0	0,PH1108	7	0	7	5	5
